[gd_scene load_steps=5 format=3 uid="uid://gtcru51f0q77"]

[ext_resource type="Script" path="res://scripts/enemy_spawner.gd" id="1_vjbhf"]
[ext_resource type="Texture2D" uid="uid://cl7c875bqsga4" path="res://icon.svg" id="2_p1bd7"]
[ext_resource type="PackedScene" uid="uid://1sot457caqrq" path="res://models/dirt.blend" id="3_igy82"]
[ext_resource type="Material" uid="uid://qxoo8crj8ten" path="res://dirt.tres" id="4_u5qvd"]

[node name="EnemySpawner" type="Node3D" groups=["Spawner"]]
script = ExtResource("1_vjbhf")
unlock_wave = 1

[node name="Location" type="Node3D" parent="."]
transform = Transform3D(1, 0, 0, 0, 1, 0, 0, 0, 1, -1.72868, 0, -1.05874)

[node name="Sprite3D" type="Sprite3D" parent="Location"]
transform = Transform3D(1, 0, 0, 0, -4.37114e-08, -1, 0, 1, -4.37114e-08, 0, 0, 0)
texture = ExtResource("2_p1bd7")

[node name="dirt" parent="Location" instance=ExtResource("3_igy82")]
transform = Transform3D(0.778243, 0, -0.627963, 0, 1, 0, 0.627963, 0, 0.778243, 0, -0.200052, 0)

[node name="Icosphere" parent="Location/dirt" index="0"]
material_override = ExtResource("4_u5qvd")

[node name="Location2" type="Node3D" parent="."]
transform = Transform3D(1, 0, 0, 0, 1, 0, 0, 0, 1, 2.13584, 0, -0.498305)

[node name="Sprite3D" type="Sprite3D" parent="Location2"]
transform = Transform3D(1, 0, 0, 0, -4.37114e-08, -1, 0, 1, -4.37114e-08, 0, 0, 0)
texture = ExtResource("2_p1bd7")

[node name="dirt" parent="Location2" instance=ExtResource("3_igy82")]
transform = Transform3D(-0.82806, 0, -0.560639, 0, 1, 0, 0.560639, 0, -0.82806, 0, -0.200052, 0)

[node name="Icosphere" parent="Location2/dirt" index="0"]
material_override = ExtResource("4_u5qvd")

[node name="Location3" type="Node3D" parent="."]
transform = Transform3D(1, 0, 0, 0, 1, 0, 0, 0, 1, -1.82296, 4.76837e-07, 1.66833)

[node name="Sprite3D" type="Sprite3D" parent="Location3"]
transform = Transform3D(1, 0, 0, 0, -4.37114e-08, -1, 0, 1, -4.37114e-08, 0, 0, 0)
texture = ExtResource("2_p1bd7")

[node name="dirt" parent="Location3" instance=ExtResource("3_igy82")]
transform = Transform3D(1, 0, 0, 0, 1, 0, 0, 0, 1, 0, -0.200052, 0)

[node name="Icosphere" parent="Location3/dirt" index="0"]
material_override = ExtResource("4_u5qvd")

[node name="Location4" type="Node3D" parent="."]
transform = Transform3D(1, 0, 0, 0, 1, 0, 0, 0, 1, 0.833643, 0, 1.95516)

[node name="Sprite3D" type="Sprite3D" parent="Location4"]
transform = Transform3D(1, 0, 0, 0, -4.37114e-08, -1, 0, 1, -4.37114e-08, 0, 0, 0)
texture = ExtResource("2_p1bd7")

[node name="dirt" parent="Location4" instance=ExtResource("3_igy82")]
transform = Transform3D(0.211325, 0, 0.977416, 0, 1, 0, -0.977416, 0, 0.211325, 0, -0.200052, 0)

[node name="Icosphere" parent="Location4/dirt" index="0"]
material_override = ExtResource("4_u5qvd")

[node name="Location5" type="Node3D" parent="."]
transform = Transform3D(1, 0, 0, 0, 1, 0, 0, 0, 1, 1.38982, 0, -2.68015)

[node name="Sprite3D" type="Sprite3D" parent="Location5"]
transform = Transform3D(1, 0, 0, 0, -4.37114e-08, -1, 0, 1, -4.37114e-08, 0, 0, 0)
texture = ExtResource("2_p1bd7")

[node name="dirt" parent="Location5" instance=ExtResource("3_igy82")]
transform = Transform3D(-0.305695, 0, 0.952129, 0, 1, 0, -0.952129, 0, -0.305695, 0, -0.200052, 0)

[node name="Icosphere" parent="Location5/dirt" index="0"]
material_override = ExtResource("4_u5qvd")

[editable path="Location/dirt"]
[editable path="Location2/dirt"]
[editable path="Location3/dirt"]
[editable path="Location4/dirt"]
[editable path="Location5/dirt"]
