[gd_scene load_steps=8 format=3 uid="uid://c3tfxx7py1518"]

[ext_resource type="PackedScene" uid="uid://b4e2ho0fnmaib" path="res://scenes/player.tscn" id="1_ybdjq"]
[ext_resource type="PackedScene" uid="uid://uw0e20biq6xo" path="res://models/street_light.glb" id="2_b53rf"]
[ext_resource type="PackedScene" uid="uid://cka34081fyin3" path="res://models/tower.glb" id="2_f4um8"]

[sub_resource type="BoxShape3D" id="BoxShape3D_gkbf7"]
size = Vector3(1000, 1, 1000)

[sub_resource type="Environment" id="Environment_opvl4"]
background_mode = 1
background_color = Color(0.0666667, 0.0745098, 0.192157, 1)

[sub_resource type="StandardMaterial3D" id="StandardMaterial3D_iigjw"]

[sub_resource type="CylinderShape3D" id="CylinderShape3D_qifvq"]
height = 6.50565
radius = 0.200762

[node name="World" type="Node3D"]

[node name="CameraPlane" type="Area3D" parent="."]
collision_layer = 2147483648
collision_mask = 2147483648

[node name="CollisionShape3D" type="CollisionShape3D" parent="CameraPlane"]
shape = SubResource("BoxShape3D_gkbf7")

[node name="WorldEnvironment" type="WorldEnvironment" parent="."]
environment = SubResource("Environment_opvl4")

[node name="MoonLight" type="DirectionalLight3D" parent="."]
transform = Transform3D(-0.216819, 0.461648, -0.860158, -0.75648, 0.477472, 0.446945, 0.617032, 0.747597, 0.245703, 0, 0, 0)
light_color = Color(0.8, 0.9, 1, 1)
light_energy = 0.01
shadow_enabled = true
sky_mode = 1

[node name="Floor" type="CSGBox3D" parent="."]
transform = Transform3D(1, 0, 0, 0, 1, 0, 0, 0, 1, 0, -0.5, 0)
use_collision = true
size = Vector3(120, 1, 120)

[node name="Player" parent="." instance=ExtResource("1_ybdjq")]

[node name="CSGBox3D2" type="CSGBox3D" parent="."]
transform = Transform3D(0.707107, 0, 0.707107, 0, 1, 0, -0.707107, 0, 0.707107, 9.5986, 0.5, 0.411321)
material_override = SubResource("StandardMaterial3D_iigjw")
use_collision = true

[node name="CSGBox3D3" type="CSGBox3D" parent="."]
transform = Transform3D(0.707107, 0, 0.707107, 0, 1, 0, -0.707107, 0, 0.707107, 2.46473, 0.5, 8.32545)
material_override = SubResource("StandardMaterial3D_iigjw")
use_collision = true

[node name="CSGBox3D4" type="CSGBox3D" parent="."]
transform = Transform3D(0.707107, 0, 0.707107, 0, 1, 0, -0.707107, 0, 0.707107, -9.18526, 0.5, -4.75215)
material_override = SubResource("StandardMaterial3D_iigjw")
use_collision = true

[node name="CSGBox3D5" type="CSGBox3D" parent="."]
transform = Transform3D(0.707107, 0, 0.707107, 0, 1, 0, -0.707107, 0, 0.707107, 1.35181, 0.5, -16.5188)
material_override = SubResource("StandardMaterial3D_iigjw")
use_collision = true

[node name="CSGBox3D6" type="CSGBox3D" parent="."]
transform = Transform3D(0.707107, 0, 0.707107, 0, 1, 0, -0.707107, 0, 0.707107, 10.6926, 0.5, -9.4557)
material_override = SubResource("StandardMaterial3D_iigjw")
use_collision = true

[node name="CSGBox3D7" type="CSGBox3D" parent="."]
transform = Transform3D(0.707107, 0, 0.707107, 0, 1, 0, -0.707107, 0, 0.707107, 10.1224, 0.5, 10.5794)
material_override = SubResource("StandardMaterial3D_iigjw")
use_collision = true

[node name="CSGBox3D8" type="CSGBox3D" parent="."]
transform = Transform3D(0.707107, 0, 0.707107, 0, 1, 0, -0.707107, 0, 0.707107, -6.19188, 0.5, 9.33659)
material_override = SubResource("StandardMaterial3D_iigjw")
use_collision = true

[node name="StreetLight" type="StaticBody3D" parent="."]
transform = Transform3D(0.726119, 0, -0.687569, 0, 1, 0, 0.687569, 0, 0.726119, 3, 3.10327, -3)

[node name="street_light" parent="StreetLight" instance=ExtResource("2_b53rf")]
transform = Transform3D(1, 0, 0, 0, 1, 0, 0, 0, 1, 0, -3.10327, 0)

[node name="SpotLight3D" type="SpotLight3D" parent="StreetLight/street_light"]
transform = Transform3D(1, 0, 0, 0, -4.37114e-08, 1, 0, -1, -4.37114e-08, 0, 6, 1.5)
light_color = Color(0.622777, 0.661037, 0.825404, 1)
light_energy = 3.0
shadow_enabled = true
shadow_bias = 0.3
spot_range = 15.0177
spot_angle = 66.0938

[node name="Collider" type="CollisionShape3D" parent="StreetLight"]
shape = SubResource("CylinderShape3D_qifvq")

[node name="tower" parent="." instance=ExtResource("2_f4um8")]
transform = Transform3D(1, 0, 0, 0, 1, 0, 0, 0, 1, 21.5963, -9.53674e-07, 17.7103)

[node name="OmniLight3D" type="OmniLight3D" parent="tower"]
transform = Transform3D(1, 0, 0, 0, 1, 0, 0, 0, 1, -5.08152, 2.31319, 1.14259)
light_color = Color(1, 0.7, 0, 1)
shadow_enabled = true
shadow_bias = 0.3
omni_range = 7.0
